2048 2048
1 2
3 4
1 4
5 6
7 8
5 8
4 7
9 10
11 12
9 12
13 14
15 16
13 16
12 15
4 11
17 18
19 20
17 20
21 22
23 24
21 24
20 23
25 26
27 28
25 28
29 30
31 32
29 32
28 31
20 27
8 25
33 34
35 36
33 36
37 38
39 40
37 40
36 39
41 42
43 44
41 44
45 46
47 48
45 48
44 47
36 43
49 50
51 52
49 52
53 54
55 56
53 56
52 55
57 58
59 60
57 60
61 62
63 64
61 64
60 63
52 59
40 57
18 35
65 66
67 68
65 68
69 70
71 72
69 72
68 71
73 74
75 76
73 76
77 78
79 80
77 80
76 79
68 75
81 82
83 84
81 84
85 86
87 88
85 88
84 87
89 90
91 92
89 92
93 94
95 96
93 96
92 95
84 91
72 89
97 98
99 100
97 100
101 102
103 104
101 104
100 103
105 106
107 108
105 108
109 110
111 112
109 112
108 111
100 107
124 127
116 123
104 121
82 99
12 96
129 130
131 132
129 132
133 134
135 136
133 136
132 135
137 138
139 140
137 140
141 142
143 144
141 144
140 143
132 139
145 146
147 148
145 148
149 150
151 152
149 152
148 151
153 154
155 156
153 156
157 158
159 160
157 160
156 159
148 155
136 153
161 162
163 164
161 164
165 166
167 168
165 168
164 167
169 170
171 172
169 172
173 174
175 176
173 176
172 175
164 171
177 178
179 180
177 180
181 182
183 184
181 184
180 183
185 186
187 188
185 188
189 190
191 192
189 192
188 191
180 187
168 185
146 163
193 194
195 196
193 196
197 198
199 200
197 200
196 199
201 202
203 204
201 204
205 206
207 208
205 208
204 207
196 203
209 210
211 212
209 212
213 214
215 216
213 216
212 215
217 218
219 220
217 220
221 222
223 224
221 224
220 223
212 219
200 217
225 226
227 228
225 228
229 230
231 232
229 232
228 231
233 234
235 236
233 236
237 238
239 240
237 240
236 239
228 235
241 242
243 244
241 244
245 246
247 248
245 248
244 247
249 250
251 252
249 252
253 254
255 256
253 256
252 255
244 251
232 249
210 227
140 224
48 214
257 258
259 260
257 260
261 262
263 264
261 264
260 263
265 266
267 268
265 268
269 270
271 272
269 272
268 271
260 267
273 274
275 276
273 276
277 278
279 280
277 280
276 279
281 282
283 284
281 284
285 286
287 288
285 288
284 287
276 283
264 281
289 290
291 292
289 292
293 294
295 296
293 296
292 295
297 298
299 300
297 300
301 302
303 304
301 304
300 303
292 299
305 306
307 308
305 308
309 310
311 312
309 312
308 311
313 314
315 316
313 316
317 318
319 320
317 320
316 319
308 315
296 313
274 291
321 322
323 324
321 324
325 326
327 328
325 328
324 327
329 330
331 332
329 332
333 334
335 336
333 336
332 335
324 331
337 338
339 340
337 340
341 342
343 344
341 344
340 343
345 346
347 348
345 348
349 350
351 352
349 352
348 351
340 347
328 345
353 354
355 356
353 356
357 358
359 360
357 360
356 359
361 362
363 364
361 364
365 366
367 368
365 368
364 367
356 363
369 370
371 372
369 372
373 374
375 376
373 376
372 375
377 378
379 380
377 380
381 382
383 384
381 384
380 383
372 379
360 377
338 355
268 352
385 386
387 388
385 388
389 390
391 392
389 392
388 391
393 394
395 396
393 396
397 398
399 400
397 400
396 399
388 395
401 402
403 404
401 404
405 406
407 408
405 408
404 407
409 410
411 412
409 412
413 414
415 416
413 416
412 415
404 411
392 409
417 418
419 420
417 420
421 422
423 424
421 424
420 423
425 426
427 428
425 428
429 430
431 432
429 432
428 431
420 427
433 434
435 436
433 436
437 438
439 440
437 440
436 439
441 442
443 444
441 444
445 446
447 448
445 448
444 447
436 443
424 441
402 419
449 450
451 452
449 452
453 454
455 456
453 456
452 455
457 458
459 460
457 460
461 462
463 464
461 464
460 463
452 459
465 466
467 468
465 468
469 470
471 472
469 472
468 471
473 474
475 476
473 476
477 478
479 480
477 480
476 479
468 475
456 473
481 482
483 484
481 484
485 486
487 488
485 488
484 487
489 490
491 492
489 492
493 494
495 496
493 496
492 495
484 491
497 498
499 500
497 500
501 502
503 504
501 504
500 503
505 506
507 508
505 508
509 510
511 512
509 512
508 511
500 507
488 505
466 483
396 480
304 470
32 320
513 514
515 516
513 516
517 518
519 520
517 520
516 519
521 522
523 524
521 524
525 526
527 528
525 528
524 527
516 523
529 530
531 532
529 532
533 534
535 536
533 536
532 535
537 538
539 540
537 540
541 542
543 544
541 544
540 543
532 539
520 537
545 546
547 548
545 548
549 550
551 552
549 552
548 551
553 554
555 556
553 556
557 558
559 560
557 560
556 559
548 555
561 562
563 564
561 564
565 566
567 568
565 568
564 567
569 570
571 572
569 572
573 574
575 576
573 576
572 575
564 571
552 569
530 547
577 578
579 580
577 580
581 582
583 584
581 584
580 583
585 586
587 588
585 588
589 590
591 592
589 592
588 591
580 587
593 594
595 596
593 596
597 598
599 600
597 600
596 599
601 602
603 604
601 604
605 606
607 608
605 608
604 607
596 603
584 601
609 610
611 612
609 612
613 614
615 616
613 616
612 615
617 618
619 620
617 620
621 622
623 624
621 624
620 623
612 619
625 626
627 628
625 628
629 630
631 632
629 632
628 631
633 634
635 636
633 636
637 638
639 640
637 640
636 639
628 635
616 633
594 611
524 608
641 642
643 644
641 644
645 646
647 648
645 648
644 647
649 650
651 652
649 652
653 654
655 656
653 656
652 655
644 651
657 658
659 660
657 660
661 662
663 664
661 664
660 663
665 666
667 668
665 668
669 670
671 672
669 672
668 671
660 667
648 665
673 674
675 676
673 676
677 678
679 680
677 680
676 679
681 682
683 684
681 684
685 686
687 688
685 688
684 687
676 683
689 690
691 692
689 692
693 694
695 696
693 696
692 695
697 698
699 700
697 700
701 702
703 704
701 704
700 703
692 699
680 697
658 675
705 706
707 708
705 708
709 710
711 712
709 712
708 711
713 714
715 716
713 716
717 718
719 720
717 720
716 719
708 715
721 722
723 724
721 724
725 726
727 728
725 728
724 727
729 730
731 732
729 732
733 734
735 736
733 736
732 735
724 731
712 729
737 738
739 740
737 740
741 742
743 744
741 744
740 743
745 746
747 748
745 748
749 750
751 752
749 752
748 751
740 747
753 754
755 756
753 756
757 758
759 760
757 760
756 759
761 762
763 764
761 764
765 766
767 768
765 768
764 767
756 763
744 761
722 739
652 736
560 726
769 770
771 772
769 772
773 774
775 776
773 776
772 775
777 778
779 780
777 780
781 782
783 784
781 784
780 783
772 779
785 786
787 788
785 788
789 790
791 792
789 792
788 791
793 794
795 796
793 796
797 798
799 800
797 800
796 799
788 795
776 793
801 802
803 804
801 804
805 806
807 808
805 808
804 807
809 810
811 812
809 812
813 814
815 816
813 816
812 815
804 811
817 818
819 820
817 820
821 822
823 824
821 824
820 823
825 826
827 828
825 828
829 830
831 832
829 832
828 831
820 827
808 825
786 803
833 834
835 836
833 836
837 838
839 840
837 840
836 839
841 842
843 844
841 844
845 846
847 848
845 848
844 847
836 843
849 850
851 852
849 852
853 854
855 856
853 856
852 855
857 858
859 860
857 860
861 862
863 864
861 864
860 863
852 859
840 857
865 866
867 868
865 868
869 870
871 872
869 872
868 871
873 874
875 876
873 876
877 878
879 880
877 880
876 879
868 875
881 882
883 884
881 884
885 886
887 888
885 888
884 887
889 890
891 892
889 892
893 894
895 896
893 896
892 895
884 891
872 889
850 867
780 864
897 898
899 900
897 900
901 902
903 904
901 904
900 903
905 906
907 908
905 908
909 910
911 912
909 912
908 911
900 907
913 914
915 916
913 916
917 918
919 920
917 920
916 919
921 922
923 924
921 924
925 926
927 928
925 928
924 927
916 923
904 921
929 930
931 932
929 932
933 934
935 936
933 936
932 935
937 938
939 940
937 940
941 942
943 944
941 944
940 943
932 939
945 946
947 948
945 948
949 950
951 952
949 952
948 951
953 954
955 956
953 956
957 958
959 960
957 960
956 959
948 955
936 953
914 931
961 962
963 964
961 964
965 966
967 968
965 968
964 967
969 970
971 972
969 972
973 974
975 976
973 976
972 975
964 971
977 978
979 980
977 980
981 982
983 984
981 984
980 983
985 986
987 988
985 988
989 990
991 992
989 992
988 991
980 987
968 985
993 994
995 996
993 996
997 998
999 1000
997 1000
996 999
1001 1002
1003 1004
1001 1004
1005 1006
1007 1008
1005 1008
1004 1007
996 1003
1009 1010
1011 1012
1009 1012
1013 1014
1015 1016
1013 1016
1012 1015
1017 1018
1019 1020
1017 1020
1021 1022
1023 1024
1021 1024
1020 1023
1012 1019
1000 1017
978 995
908 992
816 982
544 832
405 731
1025 1026
1027 1028
1025 1028
1029 1030
1031 1032
1029 1032
1028 1031
1033 1034
1035 1036
1033 1036
1037 1038
1039 1040
1037 1040
1036 1039
1028 1035
1041 1042
1043 1044
1041 1044
1045 1046
1047 1048
1045 1048
1044 1047
1049 1050
1051 1052
1049 1052
1053 1054
1055 1056
1053 1056
1052 1055
1044 1051
1032 1049
1057 1058
1059 1060
1057 1060
1061 1062
1063 1064
1061 1064
1060 1063
1065 1066
1067 1068
1065 1068
1069 1070
1071 1072
1069 1072
1068 1071
1060 1067
1073 1074
1075 1076
1073 1076
1077 1078
1079 1080
1077 1080
1076 1079
1081 1082
1083 1084
1081 1084
1085 1086
1087 1088
1085 1088
1084 1087
1076 1083
1064 1081
1042 1059
1089 1090
1091 1092
1089 1092
1093 1094
1095 1096
1093 1096
1092 1095
1097 1098
1099 1100
1097 1100
1101 1102
1103 1104
1101 1104
1100 1103
1092 1099
1105 1106
1107 1108
1105 1108
1109 1110
1111 1112
1109 1112
1108 1111
1113 1114
1115 1116
1113 1116
1117 1118
1119 1120
1117 1120
1116 1119
1108 1115
1096 1113
1121 1122
1123 1124
1121 1124
1125 1126
1127 1128
1125 1128
1124 1127
1129 1130
1131 1132
1129 1132
1133 1134
1135 1136
1133 1136
1132 1135
1124 1131
1137 1138
1139 1140
1137 1140
1141 1142
1143 1144
1141 1144
1140 1143
1145 1146
1147 1148
1145 1148
1149 1150
1151 1152
1149 1152
1148 1151
1140 1147
1128 1145
1106 1123
1036 1120
1153 1154
1155 1156
1153 1156
1157 1158
1159 1160
1157 1160
1156 1159
1161 1162
1163 1164
1161 1164
1165 1166
1167 1168
1165 1168
1164 1167
1156 1163
1169 1170
1171 1172
1169 1172
1173 1174
1175 1176
1173 1176
1172 1175
1177 1178
1179 1180
1177 1180
1181 1182
1183 1184
1181 1184
1180 1183
1172 1179
1160 1177
1185 1186
1187 1188
1185 1188
1189 1190
1191 1192
1189 1192
1188 1191
1193 1194
1195 1196
1193 1196
1197 1198
1199 1200
1197 1200
1196 1199
1188 1195
1201 1202
1203 1204
1201 1204
1205 1206
1207 1208
1205 1208
1204 1207
1209 1210
1211 1212
1209 1212
1213 1214
1215 1216
1213 1216
1212 1215
1204 1211
1192 1209
1170 1187
1217 1218
1219 1220
1217 1220
1221 1222
1223 1224
1221 1224
1220 1223
1225 1226
1227 1228
1225 1228
1229 1230
1231 1232
1229 1232
1228 1231
1220 1227
1233 1234
1235 1236
1233 1236
1237 1238
1239 1240
1237 1240
1236 1239
1241 1242
1243 1244
1241 1244
1245 1246
1247 1248
1245 1248
1244 1247
1236 1243
1224 1241
1249 1250
1251 1252
1249 1252
1253 1254
1255 1256
1253 1256
1252 1255
1257 1258
1259 1260
1257 1260
1261 1262
1263 1264
1261 1264
1260 1263
1252 1259
1265 1266
1267 1268
1265 1268
1269 1270
1271 1272
1269 1272
1268 1271
1273 1274
1275 1276
1273 1276
1277 1278
1279 1280
1277 1280
1276 1279
1268 1275
1256 1273
1234 1251
1164 1248
1072 1238
1281 1282
1283 1284
1281 1284
1285 1286
1287 1288
1285 1288
1284 1287
1289 1290
1291 1292
1289 1292
1293 1294
1295 1296
1293 1296
1292 1295
1284 1291
1297 1298
1299 1300
1297 1300
1301 1302
1303 1304
1301 1304
1300 1303
1305 1306
1307 1308
1305 1308
1309 1310
1311 1312
1309 1312
1308 1311
1300 1307
1288 1305
1313 1314
1315 1316
1313 1316
1317 1318
1319 1320
1317 1320
1316 1319
1321 1322
1323 1324
1321 1324
1325 1326
1327 1328
1325 1328
1324 1327
1316 1323
1329 1330
1331 1332
1329 1332
1333 1334
1335 1336
1333 1336
1332 1335
1337 1338
1339 1340
1337 1340
1341 1342
1343 1344
1341 1344
1340 1343
1332 1339
1320 1337
1298 1315
1345 1346
1347 1348
1345 1348
1349 1350
1351 1352
1349 1352
1348 1351
1353 1354
1355 1356
1353 1356
1357 1358
1359 1360
1357 1360
1356 1359
1348 1355
1361 1362
1363 1364
1361 1364
1365 1366
1367 1368
1365 1368
1364 1367
1369 1370
1371 1372
1369 1372
1373 1374
1375 1376
1373 1376
1372 1375
1364 1371
1352 1369
1377 1378
1379 1380
1377 1380
1381 1382
1383 1384
1381 1384
1380 1383
1385 1386
1387 1388
1385 1388
1389 1390
1391 1392
1389 1392
1388 1391
1380 1387
1393 1394
1395 1396
1393 1396
1397 1398
1399 1400
1397 1400
1396 1399
1401 1402
1403 1404
1401 1404
1405 1406
1407 1408
1405 1408
1404 1407
1396 1403
1384 1401
1362 1379
1292 1376
1409 1410
1411 1412
1409 1412
1413 1414
1415 1416
1413 1416
1412 1415
1417 1418
1419 1420
1417 1420
1421 1422
1423 1424
1421 1424
1420 1423
1412 1419
1425 1426
1427 1428
1425 1428
1429 1430
1431 1432
1429 1432
1428 1431
1433 1434
1435 1436
1433 1436
1437 1438
1439 1440
1437 1440
1436 1439
1428 1435
1416 1433
1441 1442
1443 1444
1441 1444
1445 1446
1447 1448
1445 1448
1444 1447
1449 1450
1451 1452
1449 1452
1453 1454
1455 1456
1453 1456
1452 1455
1444 1451
1457 1458
1459 1460
1457 1460
1461 1462
1463 1464
1461 1464
1460 1463
1465 1466
1467 1468
1465 1468
1469 1470
1471 1472
1469 1472
1468 1471
1460 1467
1448 1465
1426 1443
1473 1474
1475 1476
1473 1476
1477 1478
1479 1480
1477 1480
1476 1479
1481 1482
1483 1484
1481 1484
1485 1486
1487 1488
1485 1488
1484 1487
1476 1483
1489 1490
1491 1492
1489 1492
1493 1494
1495 1496
1493 1496
1492 1495
1497 1498
1499 1500
1497 1500
1501 1502
1503 1504
1501 1504
1500 1503
1492 1499
1480 1497
1505 1506
1507 1508
1505 1508
1509 1510
1511 1512
1509 1512
1508 1511
1513 1514
1515 1516
1513 1516
1517 1518
1519 1520
1517 1520
1516 1519
1508 1515
1521 1522
1523 1524
1521 1524
1525 1526
1527 1528
1525 1528
1524 1527
1529 1530
1531 1532
1529 1532
1533 1534
1535 1536
1533 1536
1532 1535
1524 1531
1512 1529
1490 1507
1420 1504
1328 1494
1056 1344
1537 1538
1539 1540
1537 1540
1541 1542
1543 1544
1541 1544
1540 1543
1545 1546
1547 1548
1545 1548
1549 1550
1551 1552
1549 1552
1548 1551
1540 1547
1553 1554
1555 1556
1553 1556
1557 1558
1559 1560
1557 1560
1556 1559
1561 1562
1563 1564
1561 1564
1565 1566
1567 1568
1565 1568
1564 1567
1556 1563
1544 1561
1569 1570
1571 1572
1569 1572
1573 1574
1575 1576
1573 1576
1572 1575
1577 1578
1579 1580
1577 1580
1581 1582
1583 1584
1581 1584
1580 1583
1572 1579
1585 1586
1587 1588
1585 1588
1589 1590
1591 1592
1589 1592
1588 1591
1593 1594
1595 1596
1593 1596
1597 1598
1599 1600
1597 1600
1596 1599
1588 1595
1576 1593
1554 1571
1601 1602
1603 1604
1601 1604
1605 1606
1607 1608
1605 1608
1604 1607
1609 1610
1611 1612
1609 1612
1613 1614
1615 1616
1613 1616
1612 1615
1604 1611
1617 1618
1619 1620
1617 1620
1621 1622
1623 1624
1621 1624
1620 1623
1625 1626
1627 1628
1625 1628
1629 1630
1631 1632
1629 1632
1628 1631
1620 1627
1608 1625
1633 1634
1635 1636
1633 1636
1637 1638
1639 1640
1637 1640
1636 1639
1641 1642
1643 1644
1641 1644
1645 1646
1647 1648
1645 1648
1644 1647
1636 1643
1649 1650
1651 1652
1649 1652
1653 1654
1655 1656
1653 1656
1652 1655
1657 1658
1659 1660
1657 1660
1661 1662
1663 1664
1661 1664
1660 1663
1652 1659
1640 1657
1618 1635
1548 1632
1665 1666
1667 1668
1665 1668
1669 1670
1671 1672
1669 1672
1668 1671
1673 1674
1675 1676
1673 1676
1677 1678
1679 1680
1677 1680
1676 1679
1668 1675
1681 1682
1683 1684
1681 1684
1685 1686
1687 1688
1685 1688
1684 1687
1689 1690
1691 1692
1689 1692
1693 1694
1695 1696
1693 1696
1692 1695
1684 1691
1672 1689
1697 1698
1699 1700
1697 1700
1701 1702
1703 1704
1701 1704
1700 1703
1705 1706
1707 1708
1705 1708
1709 1710
1711 1712
1709 1712
1708 1711
1700 1707
1713 1714
1715 1716
1713 1716
1717 1718
1719 1720
1717 1720
1716 1719
1721 1722
1723 1724
1721 1724
1725 1726
1727 1728
1725 1728
1724 1727
1716 1723
1704 1721
1682 1699
1729 1730
1731 1732
1729 1732
1733 1734
1735 1736
1733 1736
1732 1735
1737 1738
1739 1740
1737 1740
1741 1742
1743 1744
1741 1744
1740 1743
1732 1739
1745 1746
1747 1748
1745 1748
1749 1750
1751 1752
1749 1752
1748 1751
1753 1754
1755 1756
1753 1756
1757 1758
1759 1760
1757 1760
1756 1759
1748 1755
1736 1753
1761 1762
1763 1764
1761 1764
1765 1766
1767 1768
1765 1768
1764 1767
1769 1770
1771 1772
1769 1772
1773 1774
1775 1776
1773 1776
1772 1775
1764 1771
1777 1778
1779 1780
1777 1780
1781 1782
1783 1784
1781 1784
1780 1783
1785 1786
1787 1788
1785 1788
1789 1790
1791 1792
1789 1792
1788 1791
1780 1787
1768 1785
1746 1763
1676 1760
1584 1750
1793 1794
1795 1796
1793 1796
1797 1798
1799 1800
1797 1800
1796 1799
1801 1802
1803 1804
1801 1804
1805 1806
1807 1808
1805 1808
1804 1807
1796 1803
1809 1810
1811 1812
1809 1812
1813 1814
1815 1816
1813 1816
1812 1815
1817 1818
1819 1820
1817 1820
1821 1822
1823 1824
1821 1824
1820 1823
1812 1819
1800 1817
1825 1826
1827 1828
1825 1828
1829 1830
1831 1832
1829 1832
1828 1831
1833 1834
1835 1836
1833 1836
1837 1838
1839 1840
1837 1840
1836 1839
1828 1835
1841 1842
1843 1844
1841 1844
1845 1846
1847 1848
1845 1848
1844 1847
1849 1850
1851 1852
1849 1852
1853 1854
1855 1856
1853 1856
1852 1855
1844 1851
1832 1849
1810 1827
1857 1858
1859 1860
1857 1860
1861 1862
1863 1864
1861 1864
1860 1863
1865 1866
1867 1868
1865 1868
1869 1870
1871 1872
1869 1872
1868 1871
1860 1867
1873 1874
1875 1876
1873 1876
1877 1878
1879 1880
1877 1880
1876 1879
1881 1882
1883 1884
1881 1884
1885 1886
1887 1888
1885 1888
1884 1887
1876 1883
1864 1881
1889 1890
1891 1892
1889 1892
1893 1894
1895 1896
1893 1896
1892 1895
1897 1898
1899 1900
1897 1900
1901 1902
1903 1904
1901 1904
1900 1903
1892 1899
1905 1906
1907 1908
1905 1908
1909 1910
1911 1912
1909 1912
1908 1911
1913 1914
1915 1916
1913 1916
1917 1918
1919 1920
1917 1920
1916 1919
1908 1915
1896 1913
1874 1891
1804 1888
1921 1922
1923 1924
1921 1924
1925 1926
1927 1928
1925 1928
1924 1927
1929 1930
1931 1932
1929 1932
1933 1934
1935 1936
1933 1936
1932 1935
1924 1931
1937 1938
1939 1940
1937 1940
1941 1942
1943 1944
1941 1944
1940 1943
1945 1946
1947 1948
1945 1948
1949 1950
1951 1952
1949 1952
1948 1951
1940 1947
1928 1945
1953 1954
1955 1956
1953 1956
1957 1958
1959 1960
1957 1960
1956 1959
1961 1962
1963 1964
1961 1964
1965 1966
1967 1968
1965 1968
1964 1967
1956 1963
1969 1970
1971 1972
1969 1972
1973 1974
1975 1976
1973 1976
1972 1975
1977 1978
1979 1980
1977 1980
1981 1982
1983 1984
1981 1984
1980 1983
1972 1979
1960 1977
1938 1955
1985 1986
1987 1988
1985 1988
1989 1990
1991 1992
1989 1992
1988 1991
1993 1994
1995 1996
1993 1996
1997 1998
1999 2000
1997 2000
1996 1999
1988 1995
2001 2002
2003 2004
2001 2004
2005 2006
2007 2008
2005 2008
2004 2007
2009 2010
2011 2012
2009 2012
2013 2014
2015 2016
2013 2016
2012 2015
2004 2011
1992 2009
2017 2018
2019 2020
2017 2020
2021 2022
2023 2024
2021 2024
2020 2023
2025 2026
2027 2028
2025 2028
2029 2030
2031 2032
2029 2032
2028 2031
2020 2027
2033 2034
2035 2036
2033 2036
2037 2038
2039 2040
2037 2040
2036 2039
2041 2042
2043 2044
2041 2044
2045 2046
2047 2048
2045 2048
2044 2047
2036 2043
2024 2041
2002 2019
1932 2016
1840 2006
1568 1856
1429 1755
629 1149
1 1
2 2
3 3
4 5
5 5
6 6
7 8
9 9
5 6
4 4
15 11
15 15
16 16
17 17
