125 124
1 2
1 3
1 4
4 5
6 7
6 8
6 9
9 10
4 8
11 12
11 13
11 14
14 15
7 12
16 17
16 18
16 19
19 20
10 17
21 22
21 23
21 24
24 25
17 24
26 27
26 28
26 29
29 30
31 32
31 33
31 34
34 35
29 33
36 37
36 38
36 39
39 40
32 37
41 42
41 43
41 44
44 45
35 42
46 47
46 48
46 49
49 50
42 49
19 32
51 52
51 53
51 54
54 55
56 57
56 58
56 59
59 60
54 58
61 62
61 63
61 64
64 65
57 62
66 67
66 68
66 69
69 70
60 67
71 72
71 73
71 74
74 75
67 74
34 70
76 77
76 78
76 79
79 80
81 82
81 83
81 84
84 85
79 83
86 87
86 88
86 89
89 90
82 87
91 92
91 93
91 94
94 95
85 92
96 97
96 98
96 99
99 100
92 99
45 77
101 102
101 103
101 104
104 105
106 107
106 108
106 109
109 110
104 108
111 112
111 113
111 114
114 115
107 112
116 117
116 118
116 119
119 120
110 117
121 122
121 123
121 124
124 125
117 124
55 117
