1296 1297
1 2
1 3
2 4
2 5
3 6
7 8
7 9
8 10
8 11
9 12
4 9
13 14
13 15
14 16
14 17
15 18
12 17
19 20
19 21
20 22
20 23
21 24
1 20
25 26
25 27
26 28
26 29
27 30
10 25
31 32
31 33
32 34
32 35
33 36
17 33
37 38
37 39
38 40
38 41
39 42
43 44
43 45
44 46
44 47
45 48
40 45
49 50
49 51
50 52
50 53
51 54
48 53
55 56
55 57
56 58
56 59
57 60
37 56
61 62
61 63
62 64
62 65
63 66
46 61
67 68
67 69
68 70
68 71
69 72
53 69
34 43
73 74
73 75
74 76
74 77
75 78
79 80
79 81
80 82
80 83
81 84
76 81
85 86
85 87
86 88
86 89
87 90
84 89
91 92
91 93
92 94
92 95
93 96
73 92
97 98
97 99
98 100
98 101
99 102
82 97
103 104
103 105
104 106
104 107
105 108
89 105
53 99
109 110
109 111
110 112
110 113
111 114
115 116
115 117
116 118
116 119
117 120
112 117
121 122
121 123
122 124
122 125
123 126
120 125
127 128
127 129
128 130
128 131
129 132
109 128
133 134
133 135
134 136
134 137
135 138
118 133
139 140
139 141
140 142
140 143
141 144
125 141
37 124
145 146
145 147
146 148
146 149
147 150
151 152
151 153
152 154
152 155
153 156
148 153
157 158
157 159
158 160
158 161
159 162
156 161
163 164
163 165
164 166
164 167
165 168
145 164
169 170
169 171
170 172
170 173
171 174
154 169
175 176
175 177
176 178
176 179
177 180
161 177
45 179
181 182
181 183
182 184
182 185
183 186
187 188
187 189
188 190
188 191
189 192
184 189
193 194
193 195
194 196
194 197
195 198
192 197
199 200
199 201
200 202
200 203
201 204
181 200
205 206
205 207
206 208
206 209
207 210
190 205
211 212
211 213
212 214
212 215
213 216
197 213
95 198
217 218
217 219
218 220
218 221
219 222
223 224
223 225
224 226
224 227
225 228
220 225
229 230
229 231
230 232
230 233
231 234
228 233
235 236
235 237
236 238
236 239
237 240
217 236
241 242
241 243
242 244
242 245
243 246
226 241
247 248
247 249
248 250
248 251
249 252
233 249
253 254
253 255
254 256
254 257
255 258
259 260
259 261
260 262
260 263
261 264
256 261
265 266
265 267
266 268
266 269
267 270
264 269
271 272
271 273
272 274
272 275
273 276
253 272
277 278
277 279
278 280
278 281
279 282
262 277
283 284
283 285
284 286
284 287
285 288
269 285
250 259
289 290
289 291
290 292
290 293
291 294
295 296
295 297
296 298
296 299
297 300
292 297
301 302
301 303
302 304
302 305
303 306
300 305
307 308
307 309
308 310
308 311
309 312
289 308
313 314
313 315
314 316
314 317
315 318
298 313
319 320
319 321
320 322
320 323
321 324
305 321
269 315
325 326
325 327
326 328
326 329
327 330
331 332
331 333
332 334
332 335
333 336
328 333
337 338
337 339
338 340
338 341
339 342
336 341
343 344
343 345
344 346
344 347
345 348
325 344
349 350
349 351
350 352
350 353
351 354
334 349
355 356
355 357
356 358
356 359
357 360
341 357
253 340
361 362
361 363
362 364
362 365
363 366
367 368
367 369
368 370
368 371
369 372
364 369
373 374
373 375
374 376
374 377
375 378
372 377
379 380
379 381
380 382
380 383
381 384
361 380
385 386
385 387
386 388
386 389
387 390
370 385
391 392
391 393
392 394
392 395
393 396
377 393
261 395
397 398
397 399
398 400
398 401
399 402
403 404
403 405
404 406
404 407
405 408
400 405
409 410
409 411
410 412
410 413
411 414
408 413
415 416
415 417
416 418
416 419
417 420
397 416
421 422
421 423
422 424
422 425
423 426
406 421
427 428
427 429
428 430
428 431
429 432
413 429
311 414
93 267
433 434
433 435
434 436
434 437
435 438
439 440
439 441
440 442
440 443
441 444
436 441
445 446
445 447
446 448
446 449
447 450
444 449
451 452
451 453
452 454
452 455
453 456
433 452
457 458
457 459
458 460
458 461
459 462
442 457
463 464
463 465
464 466
464 467
465 468
449 465
469 470
469 471
470 472
470 473
471 474
475 476
475 477
476 478
476 479
477 480
472 477
481 482
481 483
482 484
482 485
483 486
480 485
487 488
487 489
488 490
488 491
489 492
469 488
493 494
493 495
494 496
494 497
495 498
478 493
499 500
499 501
500 502
500 503
501 504
485 501
466 475
505 506
505 507
506 508
506 509
507 510
511 512
511 513
512 514
512 515
513 516
508 513
517 518
517 519
518 520
518 521
519 522
516 521
523 524
523 525
524 526
524 527
525 528
505 524
529 530
529 531
530 532
530 533
531 534
514 529
535 536
535 537
536 538
536 539
537 540
521 537
485 531
541 542
541 543
542 544
542 545
543 546
547 548
547 549
548 550
548 551
549 552
544 549
553 554
553 555
554 556
554 557
555 558
552 557
559 560
559 561
560 562
560 563
561 564
541 560
565 566
565 567
566 568
566 569
567 570
550 565
571 572
571 573
572 574
572 575
573 576
557 573
469 556
577 578
577 579
578 580
578 581
579 582
583 584
583 585
584 586
584 587
585 588
580 585
589 590
589 591
590 592
590 593
591 594
588 593
595 596
595 597
596 598
596 599
597 600
577 596
601 602
601 603
602 604
602 605
603 606
586 601
607 608
607 609
608 610
608 611
609 612
593 609
477 611
613 614
613 615
614 616
614 617
615 618
619 620
619 621
620 622
620 623
621 624
616 621
625 626
625 627
626 628
626 629
627 630
624 629
631 632
631 633
632 634
632 635
633 636
613 632
637 638
637 639
638 640
638 641
639 642
622 637
643 644
643 645
644 646
644 647
645 648
629 645
527 630
376 592
649 650
649 651
650 652
650 653
651 654
655 656
655 657
656 658
656 659
657 660
652 657
661 662
661 663
662 664
662 665
663 666
660 665
667 668
667 669
668 670
668 671
669 672
649 668
673 674
673 675
674 676
674 677
675 678
658 673
679 680
679 681
680 682
680 683
681 684
665 681
685 686
685 687
686 688
686 689
687 690
691 692
691 693
692 694
692 695
693 696
688 693
697 698
697 699
698 700
698 701
699 702
696 701
703 704
703 705
704 706
704 707
705 708
685 704
709 710
709 711
710 712
710 713
711 714
694 709
715 716
715 717
716 718
716 719
717 720
701 717
682 691
721 722
721 723
722 724
722 725
723 726
727 728
727 729
728 730
728 731
729 732
724 729
733 734
733 735
734 736
734 737
735 738
732 737
739 740
739 741
740 742
740 743
741 744
721 740
745 746
745 747
746 748
746 749
747 750
730 745
751 752
751 753
752 754
752 755
753 756
737 753
701 747
757 758
757 759
758 760
758 761
759 762
763 764
763 765
764 766
764 767
765 768
760 765
769 770
769 771
770 772
770 773
771 774
768 773
775 776
775 777
776 778
776 779
777 780
757 776
781 782
781 783
782 784
782 785
783 786
766 781
787 788
787 789
788 790
788 791
789 792
773 789
685 772
793 794
793 795
794 796
794 797
795 798
799 800
799 801
800 802
800 803
801 804
796 801
805 806
805 807
806 808
806 809
807 810
804 809
811 812
811 813
812 814
812 815
813 816
793 812
817 818
817 819
818 820
818 821
819 822
802 817
823 824
823 825
824 826
824 827
825 828
809 825
693 827
829 830
829 831
830 832
830 833
831 834
835 836
835 837
836 838
836 839
837 840
832 837
841 842
841 843
842 844
842 845
843 846
840 845
847 848
847 849
848 850
848 851
849 852
829 848
853 854
853 855
854 856
854 857
855 858
838 853
859 860
859 861
860 862
860 863
861 864
845 861
743 846
394 818
865 866
865 867
866 868
866 869
867 870
871 872
871 873
872 874
872 875
873 876
868 873
877 878
877 879
878 880
878 881
879 882
876 881
883 884
883 885
884 886
884 887
885 888
865 884
889 890
889 891
890 892
890 893
891 894
874 889
895 896
895 897
896 898
896 899
897 900
881 897
901 902
901 903
902 904
902 905
903 906
907 908
907 909
908 910
908 911
909 912
904 909
913 914
913 915
914 916
914 917
915 918
912 917
919 920
919 921
920 922
920 923
921 924
901 920
925 926
925 927
926 928
926 929
927 930
910 925
931 932
931 933
932 934
932 935
933 936
917 933
898 907
937 938
937 939
938 940
938 941
939 942
943 944
943 945
944 946
944 947
945 948
940 945
949 950
949 951
950 952
950 953
951 954
948 953
955 956
955 957
956 958
956 959
957 960
937 956
961 962
961 963
962 964
962 965
963 966
946 961
967 968
967 969
968 970
968 971
969 972
953 969
917 963
973 974
973 975
974 976
974 977
975 978
979 980
979 981
980 982
980 983
981 984
976 981
985 986
985 987
986 988
986 989
987 990
984 989
991 992
991 993
992 994
992 995
993 996
973 992
997 998
997 999
998 1000
998 1001
999 1002
982 997
1003 1004
1003 1005
1004 1006
1004 1007
1005 1008
989 1005
901 988
1009 1010
1009 1011
1010 1012
1010 1013
1011 1014
1015 1016
1015 1017
1016 1018
1016 1019
1017 1020
1012 1017
1021 1022
1021 1023
1022 1024
1022 1025
1023 1026
1020 1025
1027 1028
1027 1029
1028 1030
1028 1031
1029 1032
1009 1028
1033 1034
1033 1035
1034 1036
1034 1037
1035 1038
1018 1033
1039 1040
1039 1041
1040 1042
1040 1043
1041 1044
1025 1041
909 1043
1045 1046
1045 1047
1046 1048
1046 1049
1047 1050
1051 1052
1051 1053
1052 1054
1052 1055
1053 1056
1048 1053
1057 1058
1057 1059
1058 1060
1058 1061
1059 1062
1056 1061
1063 1064
1063 1065
1064 1066
1064 1067
1065 1068
1045 1064
1069 1070
1069 1071
1070 1072
1070 1073
1071 1074
1054 1069
1075 1076
1075 1077
1076 1078
1076 1079
1077 1080
1061 1077
959 1062
511 1080
1081 1082
1081 1083
1082 1084
1082 1085
1083 1086
1087 1088
1087 1089
1088 1090
1088 1091
1089 1092
1084 1089
1093 1094
1093 1095
1094 1096
1094 1097
1095 1098
1092 1097
1099 1100
1099 1101
1100 1102
1100 1103
1101 1104
1081 1100
1105 1106
1105 1107
1106 1108
1106 1109
1107 1110
1090 1105
1111 1112
1111 1113
1112 1114
1112 1115
1113 1116
1097 1113
1117 1118
1117 1119
1118 1120
1118 1121
1119 1122
1123 1124
1123 1125
1124 1126
1124 1127
1125 1128
1120 1125
1129 1130
1129 1131
1130 1132
1130 1133
1131 1134
1128 1133
1135 1136
1135 1137
1136 1138
1136 1139
1137 1140
1117 1136
1141 1142
1141 1143
1142 1144
1142 1145
1143 1146
1126 1141
1147 1148
1147 1149
1148 1150
1148 1151
1149 1152
1133 1149
1114 1123
1153 1154
1153 1155
1154 1156
1154 1157
1155 1158
1159 1160
1159 1161
1160 1162
1160 1163
1161 1164
1156 1161
1165 1166
1165 1167
1166 1168
1166 1169
1167 1170
1164 1169
1171 1172
1171 1173
1172 1174
1172 1175
1173 1176
1153 1172
1177 1178
1177 1179
1178 1180
1178 1181
1179 1182
1162 1177
1183 1184
1183 1185
1184 1186
1184 1187
1185 1188
1169 1185
1133 1179
1189 1190
1189 1191
1190 1192
1190 1193
1191 1194
1195 1196
1195 1197
1196 1198
1196 1199
1197 1200
1192 1197
1201 1202
1201 1203
1202 1204
1202 1205
1203 1206
1200 1205
1207 1208
1207 1209
1208 1210
1208 1211
1209 1212
1189 1208
1213 1214
1213 1215
1214 1216
1214 1217
1215 1218
1198 1213
1219 1220
1219 1221
1220 1222
1220 1223
1221 1224
1205 1221
1117 1204
1225 1226
1225 1227
1226 1228
1226 1229
1227 1230
1231 1232
1231 1233
1232 1234
1232 1235
1233 1236
1228 1233
1237 1238
1237 1239
1238 1240
1238 1241
1239 1242
1236 1241
1243 1244
1243 1245
1244 1246
1244 1247
1245 1248
1225 1244
1249 1250
1249 1251
1250 1252
1250 1253
1251 1254
1234 1249
1255 1256
1255 1257
1256 1258
1256 1259
1257 1260
1241 1257
1125 1259
1261 1262
1261 1263
1262 1264
1262 1265
1263 1266
1267 1268
1267 1269
1268 1270
1268 1271
1269 1272
1264 1269
1273 1274
1273 1275
1274 1276
1274 1277
1275 1278
1272 1277
1279 1280
1279 1281
1280 1282
1280 1283
1281 1284
1261 1280
1285 1286
1285 1287
1286 1288
1286 1289
1287 1290
1270 1285
1291 1292
1291 1293
1292 1294
1292 1295
1293 1296
1277 1293
1175 1278
111 1137
100 100
101 102
